1.798541524728735075e-01
1.798529025375547596e-01
1.506207179420218367e-01
1.482625040929432259e-01
1.477886162031062656e-01
1.475802494151948474e-01
1.471132888708601150e-01
1.452655601377811634e-01
1.415373130264386548e-01
1.360919495456512085e-01
1.319248180333259524e-01
1.315325331608974413e-01
1.315788950265787960e-01
1.316013674652294907e-01
1.315239705937078785e-01
1.312598548869847448e-01
1.300115434426553918e-01
1.239166095292587311e-01
1.163138012530140902e-01
1.168049896289574952e-01
1.131930215060640149e-01
1.156319224682366836e-01
1.169832331690537075e-01
1.179281502832433687e-01
1.179472529338521231e-01
1.211242333939852034e-01
1.193840279633046342e-01
1.196822369302567024e-01
1.204629964684957727e-01
1.217846362502304491e-01
1.231327022909352725e-01
1.268352227989316960e-01
1.358940647201993257e-01
1.470285079746574963e-01
1.394933652005600766e-01
1.480035079965679456e-01
1.540308155467789153e-01
1.565598630210150721e-01
1.697716995217944114e-01
1.891545173084488440e-01
1.708004448317132218e-01
1.803684007340166096e-01
1.921252510712092576e-01
1.838480471284498763e-01
1.960414500252850856e-01
2.231372216618561222e-01
2.702970729502106595e-01
2.841126705741214842e-01
2.796545270928201821e-01
2.844648405223607068e-01
2.975867869666795062e-01
3.175034332949597249e-01
3.242798182997770895e-01
3.215670256418943218e-01
3.214718312888297791e-01
3.217283402884814625e-01
3.228382173439325875e-01
3.320179818236951297e-01
3.303839750822848420e-01
3.308808059337228213e-01
3.330904610890341733e-01
3.352906421138831528e-01
3.442583443377655872e-01
3.510289007232518244e-01
3.465235232602082993e-01
3.496129927553667804e-01
3.492217943543505787e-01
3.495809985475741288e-01
3.515568621644903913e-01
3.559482326742041125e-01
3.648822963480996551e-01
3.694484515565139571e-01
3.663442077043315703e-01
3.710971352794149025e-01
3.728665699045071724e-01
3.717745650770896138e-01
3.728188963865584626e-01
3.739453231794404031e-01
3.764830093419623824e-01
3.798641817530148401e-01
3.766827858912439875e-01
3.774764735140655469e-01
3.779456324320739080e-01
3.789127256162252988e-01
3.805694590081296624e-01
3.838393590925985310e-01
3.892175617082171413e-01
3.890777882618798866e-01
3.888982611305817350e-01
3.917071263162772987e-01
3.926173692515963487e-01
3.947498203131219463e-01
4.057919847541242575e-01
3.956267201273068745e-01
3.990036965923868251e-01
4.031662274219806608e-01
4.070273686461595708e-01
4.090315224335507871e-01
4.110426982432936471e-01
4.132922989150667470e-01
4.154531858314474690e-01
4.169700228229518135e-01
4.177117301018669626e-01
4.190019626603889713e-01
4.220347784963848770e-01
4.228571565897495943e-01
4.223597415050817649e-01
4.224171912441527232e-01
4.228742405895394851e-01
4.240147983080222449e-01
4.246122425278874291e-01
4.275634828539617849e-01
4.269960267443614343e-01
4.265062724549625317e-01
4.265684696254057329e-01
4.264614965860027418e-01
4.305413740355841234e-01
4.268291021909345062e-01
4.274024549352375413e-01
4.324891419328839026e-01
4.286858371700405512e-01
4.293151998432750416e-01
4.295465563569734191e-01
4.304582261455975334e-01
4.315081557080980290e-01
4.308389329421037361e-01
4.310092911729364040e-01
4.315829668900326710e-01
4.318856884927177453e-01
4.321664702330785812e-01
4.321305124442802459e-01
4.329355626566559478e-01
4.324998288108470867e-01
4.324164186199289106e-01
4.316950454182172381e-01
4.321272087956845587e-01
4.319510256363380818e-01
4.319088208003269980e-01
4.318713445648059146e-01
4.318784719005235306e-01
4.317827885038798552e-01
4.318288241881626521e-01
4.321432261875520764e-01
4.323472781794799880e-01
4.314587283825734865e-01
4.322631297307377718e-01
4.323646618839412925e-01
4.324012031698408753e-01
4.324828938896365105e-01
4.325579177146492982e-01
4.328074315827139529e-01
4.322487646160053099e-01
4.323440575534741592e-01
4.322449992076940473e-01
4.319951543269268113e-01
4.316628175690312985e-01
4.309127314225837391e-01
4.315905446590554972e-01
4.313647395539080831e-01
4.313805606870292908e-01
4.314131270509119487e-01
4.314737067811426074e-01
4.313826801800220712e-01
4.314158865834974432e-01
4.313638882507835892e-01
4.313163197715644825e-01
4.312912567639137773e-01
4.313124282819862931e-01
4.312977159552632278e-01
