1.798541524728735075e-01
1.798529007326097329e-01
1.505707855262707340e-01
1.481863917193234903e-01
1.476759558868396272e-01
1.474327626443456829e-01
1.468374391072696517e-01
1.446436740290055201e-01
1.401417553202689847e-01
1.336727058792474832e-01
1.283338760869976169e-01
1.279923058128009383e-01
1.280161479894982302e-01
1.280237785211782164e-01
1.278964142836516715e-01
1.273058855368099929e-01
1.242566603642080436e-01
1.194399960940659561e-01
1.103873925212293661e-01
9.565628930499231464e-02
9.201505062213591324e-02
9.154754213158529386e-02
9.122831286380812810e-02
8.998936670601695442e-02
8.644807996213449419e-02
8.884645320426239057e-02
8.817313049498540223e-02
8.770267466228268138e-02
8.631862489996432186e-02
8.564745490931521821e-02
8.464690199448554608e-02
8.482385192987022815e-02
8.486290842903326803e-02
8.473306111205157476e-02
8.496781104415322694e-02
8.510231852691799159e-02
8.513950839738622378e-02
8.520048380609820948e-02
8.559771789476802728e-02
8.656119453911327588e-02
8.665412539919396806e-02
8.693910399887522233e-02
8.734440326206285854e-02
8.981492057740222967e-02
1.002885823769744111e-01
9.265559295796696460e-02
9.701540903083194500e-02
9.999127771478885651e-02
1.035393226929167548e-01
1.089838961676099088e-01
1.373771425795091428e-01
1.188670984103634420e-01
1.256171543746130992e-01
1.274043799641605690e-01
1.306636956451212306e-01
1.386899568799561944e-01
1.331955721355937983e-01
1.350500672469310826e-01
1.381870497089995320e-01
1.403735944876512987e-01
1.400258457432628223e-01
1.397877744056588711e-01
1.397597952913648411e-01
1.400394089222671001e-01
1.433689292028969275e-01
1.432865908453190285e-01
1.438252582652394806e-01
1.464822572880536689e-01
1.469903493078531242e-01
1.467112089973623135e-01
1.478085819015799163e-01
1.485827536520792636e-01
1.487724540751895475e-01
1.486288801441495444e-01
1.487898799032319197e-01
1.498061825893964583e-01
1.533927278636332825e-01
1.694390061528306402e-01
1.546207012303086881e-01
1.591450003518015688e-01
1.625166751711332735e-01
1.652838179533941965e-01
1.668311867868192133e-01
1.704393105735090286e-01
1.727446461127745414e-01
1.707485954302593589e-01
1.703419628154304866e-01
1.726409770929269172e-01
1.760117706517423108e-01
1.886116006166714265e-01
1.792735849499340617e-01
1.830778897652392545e-01
1.852340059264622196e-01
1.873049519083883618e-01
1.873479178129454081e-01
1.872393408475127585e-01
1.851735767444024905e-01
1.866192660106420209e-01
1.876852732347182029e-01
1.897196392159025968e-01
1.924938303509117765e-01
1.984900695550922134e-01
1.958834993191272411e-01
1.981576158895323736e-01
1.996840197117009108e-01
1.998585644834451613e-01
1.998258022960486546e-01
2.000674148155116294e-01
2.011644751704044498e-01
2.039027212465092664e-01
2.194894265062304062e-01
2.064225573184944873e-01
2.076448227847302874e-01
2.095030234994840757e-01
2.113593116360678870e-01
2.135159755633004031e-01
2.125722884328060669e-01
2.133456505818963345e-01
2.157082209306283860e-01
2.165912051842012742e-01
2.168100031940481676e-01
2.168251358222455516e-01
2.172388771158983989e-01
2.238351941226396358e-01
2.180752846491750552e-01
2.182218809118498526e-01
2.177934961236421552e-01
2.215668951067119308e-01
2.200949754187943030e-01
2.201856399656210994e-01
2.211724833446070682e-01
2.209958786453754820e-01
2.210846113630436927e-01
2.214092636487533516e-01
2.220040971872613844e-01
2.249017994756822569e-01
2.225738413935375026e-01
2.228601438683993907e-01
2.229630586590959085e-01
2.229047654730234307e-01
2.227033126306424970e-01
2.226346144564883833e-01
2.221955476792879247e-01
2.224646081883654147e-01
2.227749014111664594e-01
2.226188422845827020e-01
2.226452376919073606e-01
2.227260403353666929e-01
2.228588350731099954e-01
2.220565310375451074e-01
2.226483983291736302e-01
2.225884904560054001e-01
2.223915836663120094e-01
2.222861627761287262e-01
2.219673148135332119e-01
2.218701057286976974e-01
2.212728276532570371e-01
2.214099146947794139e-01
2.214822348805174923e-01
2.213903227350062508e-01
2.211757506725879063e-01
2.200684375245695323e-01
2.209809046147502010e-01
2.208257716528009562e-01
2.207474054750482861e-01
2.207126395067036118e-01
2.206767322843934398e-01
2.205901337325299194e-01
2.204061923404925238e-01
2.205529097585464948e-01
2.204167189138620531e-01
2.203820319183107668e-01
2.201578770882000047e-01
2.200739104280450276e-01
2.201679561231905391e-01
2.201136472747801387e-01
2.200757900365632180e-01
2.200219092352001804e-01
2.199337600924913816e-01
2.196533714856446495e-01
2.196027559879879520e-01
2.194771364174920580e-01
2.193974719139015483e-01
2.192457612972306957e-01
2.191861505865819459e-01
2.190437264741900425e-01
2.189698090781915796e-01
