1.798541524728735075e-01
1.798529079523885355e-01
1.507710377379151145e-01
1.484922738692444066e-01
1.481294813146100953e-01
1.480262255658141013e-01
1.478127083912854911e-01
1.469904675723688325e-01
1.455724232808768559e-01
1.444647369103823353e-01
1.459921116571779032e-01
1.469451509104739428e-01
1.468742759164843592e-01
1.468288272332173849e-01
1.469545275510200366e-01
1.478442859854249003e-01
1.509753903791008212e-01
1.602708921027143352e-01
1.879691905885263747e-01
3.078376478489833756e-01
2.109011496789795770e-01
3.364981422735023875e-01
3.248388242265570769e-01
3.252971799737344183e-01
3.094499574633991501e-01
3.242163413812800821e-01
3.262851498947518802e-01
3.276478576715335378e-01
3.327375027779244099e-01
3.412349393805756970e-01
3.602509991942735579e-01
4.010558085004382045e-01
4.390319467483533300e-01
4.773944425601780450e-01
4.981674518188599077e-01
5.288768858709200771e-01
5.819002771615745528e-01
5.816295272914315806e-01
5.844036751587015077e-01
5.952807863025811885e-01
6.195471363764962769e-01
6.780172657369328837e-01
6.770686172607226494e-01
6.782627944660246655e-01
6.814048837314559126e-01
6.905255774234660970e-01
7.248732352215251362e-01
7.249614549208379666e-01
7.264657016003105428e-01
7.291490473075927792e-01
7.412397131389447669e-01
7.530755277363083700e-01
7.646352202630360972e-01
7.718742973124564921e-01
7.745099315351691160e-01
7.762704186545968943e-01
7.773479316510634174e-01
7.807281628391169459e-01
7.816316104298237644e-01
7.836992149404239383e-01
7.910390801622848578e-01
8.027361294811495851e-01
7.952743524314922485e-01
7.993286691035609293e-01
8.108863889857635954e-01
8.226641804014541703e-01
8.279506408043886267e-01
8.331592464994082015e-01
8.399399110174967653e-01
8.487631819080865281e-01
8.505746775414246841e-01
8.515370584320196556e-01
8.534337970503770299e-01
8.568097420894474903e-01
8.624831701373103510e-01
8.742742967841431456e-01
8.670641446569158362e-01
8.690126064493476354e-01
8.703339240083097783e-01
8.708849841815722304e-01
8.752477297257565958e-01
8.831869763274234897e-01
8.878951466191209452e-01
8.906757442656004775e-01
8.943991442315126772e-01
8.965747321723384067e-01
9.006167504070856644e-01
9.052325896977844177e-01
9.151463692696817365e-01
9.097024941768595552e-01
9.136640257583866775e-01
9.137915865694500317e-01
9.142337928608839093e-01
9.149242497782941186e-01
9.176778981167853511e-01
9.217437804093190357e-01
9.242869501623064421e-01
9.258802623866827508e-01
9.263913278224248371e-01
9.284530282909533305e-01
9.296422024655323080e-01
9.338018040349831406e-01
9.303197064937991367e-01
9.315251180123759189e-01
9.320454805819602395e-01
9.326589969230706378e-01
9.335803314616348825e-01
9.359974051055119926e-01
9.398660414146843278e-01
9.378628975888614328e-01
9.391716095959368182e-01
9.394026857076182013e-01
9.397537032824534453e-01
9.410126682615500560e-01
9.442914173793772736e-01
9.436393213610377861e-01
9.440264122694786986e-01
9.432575693246664228e-01
9.434767032374112850e-01
9.441512868724976082e-01
9.449319737086371296e-01
9.462494211676136802e-01
9.480526775723728816e-01
9.470952862900267055e-01
9.477630620383121762e-01
9.477855526335950964e-01
9.477469529732285292e-01
9.478820542081004552e-01
9.485269497153273610e-01
9.507903382310922691e-01
9.487707714419821858e-01
9.493244074249638231e-01
9.495600621358006865e-01
9.498654399014357930e-01
9.501931830619355646e-01
9.508045377683943533e-01
9.521950453412534321e-01
9.512094169283437095e-01
9.514095730474849688e-01
9.513474196288301821e-01
9.514179677421152892e-01
9.517199567249503556e-01
9.527711928320503620e-01
9.521501219175138031e-01
9.525044525579987598e-01
9.528092179581634236e-01
9.529724578295376558e-01
9.532694462083431963e-01
9.535591016902554840e-01
9.536217437211761405e-01
9.539342993271603399e-01
9.537354511315043748e-01
9.536070260302476065e-01
9.534579315520509413e-01
9.535291991793191091e-01
9.534334941998656721e-01
9.537597152608239259e-01
9.539055511469239912e-01
9.540498074736561973e-01
9.541660175458689386e-01
9.543195787891680659e-01
9.549676079156078634e-01
9.545414491111453570e-01
9.547154689553868367e-01
9.547802804875001881e-01
9.548508832415339986e-01
9.549546487275909490e-01
9.551895268047815302e-01
9.551444144016987270e-01
9.551183495755435349e-01
9.551858853611221445e-01
9.552565973644790986e-01
9.551399379576495097e-01
9.552847093352400121e-01
9.552425953567398320e-01
9.552688078779986158e-01
9.552663780079837519e-01
9.552239241333982944e-01
9.551496818381323139e-01
9.550384080612178694e-01
9.549386004784000681e-01
9.550009862904764724e-01
9.549592165256196585e-01
9.549314125988944690e-01
9.549171020297453349e-01
9.548704147472205639e-01
9.547894195616802859e-01
9.545663512830891984e-01
9.547169711315068863e-01
9.546462239073555400e-01
9.546326740754846885e-01
9.546086398195072764e-01
9.545444628877903792e-01
9.544107891179058889e-01
9.541386708809002082e-01
9.543279490858662673e-01
9.542619488916749271e-01
9.542261389125618054e-01
9.541879565957958054e-01
9.540691041330724431e-01
9.538950204780944908e-01
9.539886967899895431e-01
9.539171427201864617e-01
9.538904417153865056e-01
9.538651370736619395e-01
9.538037462673459865e-01
9.536890195803251480e-01
9.535520039428864170e-01
9.534420659048397084e-01
9.534705334872038973e-01
9.534585759557445694e-01
