1.798541524728735075e-01
1.798528991081600747e-01
1.505259186733567400e-01
1.481180948636391659e-01
1.475749710341646148e-01
1.473004464778891187e-01
1.465617159226963173e-01
1.440350695066713038e-01
1.388075631351782802e-01
1.316200124066170540e-01
1.254718699919855629e-01
1.253539032847236501e-01
1.253655146484773941e-01
1.252988734832991002e-01
1.249275117578829419e-01
1.232449155426805776e-01
1.112202069399174376e-01
9.910776210238980699e-02
8.134981527081663888e-02
7.951662682442754704e-02
8.250739584076280386e-02
8.192500313749347118e-02
8.131534064342509083e-02
8.052922659472536160e-02
7.902968360123389935e-02
8.035431818637173151e-02
7.921972668124876993e-02
7.712637919075600312e-02
7.536319702588802072e-02
7.432376098331000547e-02
7.296610611373448296e-02
7.253541049432692123e-02
7.226754036792513991e-02
7.177434267324889205e-02
7.177777805536951494e-02
7.158663720764733840e-02
7.117852452100301153e-02
7.058290268862391081e-02
6.836265933141680295e-02
7.009815104212854808e-02
6.947741744795563057e-02
6.847347260967424909e-02
6.786593962780312905e-02
6.677994358546551767e-02
6.457232189480771600e-02
6.180965972147411946e-02
5.842836757764391376e-02
6.052619922070767711e-02
5.869634057951159806e-02
5.807478393279605355e-02
5.687622097349727401e-02
5.612753813729554064e-02
5.589562847433713483e-02
5.573958997499488255e-02
5.531575445486940079e-02
5.450840563361966651e-02
5.353156456766613308e-02
5.424153801550243847e-02
5.400811795125533277e-02
5.397109224017104107e-02
5.353686644073228640e-02
5.389278817507568015e-02
5.384302718144443750e-02
5.372082155204482151e-02
5.341178615437665311e-02
5.318211157950651635e-02
5.262011128938041266e-02
5.290928047245791604e-02
5.258695044245863259e-02
5.234888669422476520e-02
5.203634611794440840e-02
5.163276224173624085e-02
5.068314492460663373e-02
5.126572819294696742e-02
5.094140318167325598e-02
5.117701302726464924e-02
5.102895259335946121e-02
5.086233306322603120e-02
5.048700969667011679e-02
5.006123919556482865e-02
5.032238172778386726e-02
5.016872427865446543e-02
4.996982722877368888e-02
4.985881269116670261e-02
4.969512293627492694e-02
4.948798779527228964e-02
4.896309568594409828e-02
4.898768410064856249e-02
4.902910185561225320e-02
4.899721992180098434e-02
4.895613008043851744e-02
4.888306248231114037e-02
4.876248590394791083e-02
4.859854769371049071e-02
4.870805246505868075e-02
4.858898869130641451e-02
4.853376336529068025e-02
4.850242395592271188e-02
4.847742071991602980e-02
4.840586734854162437e-02
4.830768873468071350e-02
4.837651500486189055e-02
4.836683554853796890e-02
4.833792691371924938e-02
4.824660426384581868e-02
4.828922992088616889e-02
4.827984731660935058e-02
4.826674838601122119e-02
4.825716397242871963e-02
4.823321467315695027e-02
4.822737199443401235e-02
4.822164466636134211e-02
4.821716133568993562e-02
4.821620430824399145e-02
4.821611927209621534e-02
4.821829368990077774e-02
4.821987138940109913e-02
4.821439983591059575e-02
4.822046597611421431e-02
4.820813342597005113e-02
4.820539411169863508e-02
4.820609090742856290e-02
4.821347775291651150e-02
4.824524993587287619e-02
4.825582503084333702e-02
4.825434813389080368e-02
4.825490526298405886e-02
4.827658962346041693e-02
4.825738992619825474e-02
